#Orbital_phase Spin_phase E_SP/<E>
0.0272	 0.101 	 3.4
0.1254	 0.067 	 3.7
0.1794	 0.067 	 3.4
0.1798	 0.057 	 3.9
0.2078	 0.074 	 3.9
0.2309	 0.067 	 3.5
0.2320	 0.078 	 3.2
0.2369	 0.046 	 3.5
0.2397	 0.050 	 3.1
0.2456	 0.080 	 3.9
0.2517	 0.041 	 3.2
0.2584	 0.041 	 3.3
0.2621	 0.046 	 3.3
0.2627	 0.046 	 3.8
0.2633	 0.055 	 4.7
0.2645	 0.055 	 4.9
0.2650	 0.057 	 3.9
0.2651	 0.053 	 4.0
0.2659	 0.051 	 4.1
0.2685	 0.067 	 3.5
0.2692	 0.057 	 3.6
0.2702	 0.055 	 7.3
0.2703	 0.032 	 4.6
0.2706	 0.048 	 3.7
0.2716	 0.044 	 5.1
0.2722	 0.058 	 4.3
0.2746	 0.060 	 4.9
0.2760	 0.055 	 3.9
0.2764	 0.046 	 3.8
0.2771	 0.048 	 4.1
0.2774	 0.046 	 3.9
0.2775	 0.060 	 3.3
0.2776	 0.057 	 3.4
0.2777	 0.051 	 5.7
0.2777	 0.041 	 4.4
0.2784	 0.044 	 4.0
0.2785	 0.057 	 7.0
0.2786	 0.042 	 4.8
0.2814	 0.039 	 6.4
0.2838	 0.055 	 3.3
0.2839	 0.051 	 3.2
0.2842	 0.051 	 3.8
0.2855	 0.053 	 3.8
0.2859	 0.041 	 3.1
0.2867	 0.057 	 4.6
0.2872	 0.048 	 3.4
0.2874	 0.034 	 3.4
0.2876	 0.041 	 3.5
0.2899	 0.027 	 3.2
0.2911	 0.066 	 4.1
0.2915	 0.039 	 3.2
0.2920	 0.051 	 3.9
0.2923	 0.060 	 3.6
0.2925	 0.051 	 3.1
0.2926	 0.057 	 3.5
0.2931	 0.066 	 3.2
0.2934	 0.057 	 3.2
0.2937	 0.064 	 3.8
0.2943	 0.055 	 3.1
0.2961	 0.067 	 3.2
0.2964	 0.050 	 3.8
0.2964	 0.057 	 5.1
0.2973	 0.060 	 3.7
0.2975	 0.050 	 4.9
0.2981	 0.055 	 3.1
0.2981	 0.055 	 3.4
0.2989	 0.062 	 3.1
0.2989	 0.050 	 3.7
0.2992	 0.069 	 3.4
0.2995	 0.051 	 3.2
0.3000	 0.046 	 3.1
0.3024	 0.028 	 3.2
0.3098	 0.050 	 3.8
0.3102	 0.053 	 3.1
0.3104	 0.057 	 3.5
0.3107	 0.057 	 3.0
0.3110	 0.050 	 3.5
0.3114	 0.051 	 5.3
0.3117	 0.055 	 3.1
0.3132	 0.060 	 4.9
0.3134	 0.058 	 3.8
0.3134	 0.066 	 3.9
0.3134	 0.051 	 5.6
0.3139	 0.080 	 3.8
0.3148	 0.050 	 3.8
0.3257	 0.003 	 4.0
0.3275	 0.055 	 5.4
0.3540	 0.057 	 3.6
0.3702	 0.074 	 3.3
0.3777	 0.060 	 3.7
0.3827	 0.074 	 3.7
0.3966	 0.096 	 4.3
0.4041	 0.062 	 3.9
0.4170	 0.037 	 3.5
0.4445	 0.057 	 3.0
0.4553	 0.085 	 3.0
0.4581	 0.092 	 3.1
0.4602	 0.078 	 3.1
0.4633	 0.067 	 3.4
0.4830	 0.053 	 3.2
0.5015	 0.035 	 3.1
0.5069	 0.034 	 4.4
0.5115	 0.044 	 3.1
0.5135	 0.044 	 3.1
0.5242	 0.071 	 3.7
0.5279	 0.042 	 3.6
0.5283	 0.074 	 4.3
0.5330	 0.048 	 3.5
0.5517	 0.030 	 3.1
0.6208	 0.066 	 3.0
0.6233	 0.069 	 3.6
0.6424	 0.025 	 3.5
0.6464	 0.069 	 4.1
0.6485	 0.046 	 6.3
0.6488	 0.057 	 3.9
0.6489	 0.053 	 3.5
0.6491	 0.048 	 3.1
0.6496	 0.053 	 3.5
0.6498	 0.058 	 3.2
0.6503	 0.046 	 4.1
0.6518	 0.057 	 3.1
0.6546	 0.046 	 3.4
0.6549	 0.051 	 3.3
0.6557	 0.044 	 3.1
0.6560	 0.050 	 3.8
0.6566	 0.067 	 4.0
0.6566	 0.046 	 4.2
0.6570	 0.066 	 3.4
0.6576	 0.053 	 4.2
0.6579	 0.050 	 3.9
0.6583	 0.044 	 3.4
0.6583	 0.050 	 3.2
0.6587	 0.062 	 4.2
0.6588	 0.053 	 3.2
0.6600	 0.066 	 3.3
0.6604	 0.062 	 3.3
0.6609	 0.057 	 3.6
0.6612	 0.046 	 3.0
0.6613	 0.064 	 3.6
0.6617	 0.083 	 3.6
0.6619	 0.053 	 3.8
0.6623	 0.051 	 3.5
0.6625	 0.050 	 3.9
0.6626	 0.062 	 3.1
0.6627	 0.050 	 3.2
0.6633	 0.051 	 3.2
0.6633	 0.053 	 3.6
0.6633	 0.041 	 3.1
0.6633	 0.051 	 5.6
0.6636	 0.062 	 3.4
0.6636	 0.053 	 3.8
0.6638	 0.062 	 4.8
0.6640	 0.053 	 3.2
0.6643	 0.053 	 4.3
0.6643	 0.051 	 6.5
0.6646	 0.044 	 4.0
0.6652	 0.051 	 6.1
0.6656	 0.051 	 3.1
0.6657	 0.058 	 3.3
0.6657	 0.055 	 4.4
0.6658	 0.046 	 3.2
0.6658	 0.057 	 3.1
0.6659	 0.050 	 3.8
0.6659	 0.050 	 4.3
0.6661	 0.035 	 3.2
0.6661	 0.051 	 3.4
0.6663	 0.064 	 4.4
0.6664	 0.053 	 3.6
0.6667	 0.060 	 4.0
0.6673	 0.053 	 5.7
0.6675	 0.046 	 3.1
0.6675	 0.058 	 3.8
0.6676	 0.050 	 4.2
0.6676	 0.053 	 3.3
0.6676	 0.076 	 3.1
0.6677	 0.050 	 5.2
0.6678	 0.042 	 3.3
0.6684	 0.057 	 3.2
0.6690	 0.041 	 3.9
0.6691	 0.048 	 3.2
0.6692	 0.037 	 3.7
0.6694	 0.046 	 3.7
0.6699	 0.044 	 3.2
0.6699	 0.066 	 3.4
0.6710	 0.064 	 4.1
0.6714	 0.062 	 3.1
0.6720	 0.057 	 3.1
0.6723	 0.066 	 3.7
0.6731	 0.060 	 3.4
0.6740	 0.041 	 3.8
0.6744	 0.076 	 3.9
0.6744	 0.069 	 5.8
0.6750	 0.071 	 3.2
0.6759	 0.044 	 3.3
0.6760	 0.053 	 3.7
0.6761	 0.057 	 3.8
0.6765	 0.051 	 3.6
0.6766	 0.039 	 3.2
0.6772	 0.057 	 3.1
0.6776	 0.053 	 3.4
0.6777	 0.057 	 3.2
0.6780	 0.062 	 4.2
0.6781	 0.051 	 4.2
0.6781	 0.053 	 3.3
0.6788	 0.076 	 3.3
0.6869	 0.060 	 3.1
0.6882	 0.046 	 4.4
0.6911	 0.053 	 3.1
0.6922	 0.066 	 3.7
0.6927	 0.055 	 3.2
0.6929	 0.058 	 3.2
0.6933	 0.048 	 3.7
0.6933	 0.046 	 5.0
0.6933	 0.060 	 3.3
0.6938	 0.058 	 3.2
0.6944	 0.071 	 3.5
0.6953	 0.073 	 3.3
0.6956	 0.058 	 4.1
0.6965	 0.051 	 3.0
0.6966	 0.057 	 3.6
0.6966	 0.062 	 3.7
0.6971	 0.048 	 4.1
0.6971	 0.055 	 4.2
0.6971	 0.046 	 3.9
0.6971	 0.048 	 4.9
0.6984	 0.037 	 3.7
0.6991	 0.028 	 3.9
0.6994	 0.055 	 3.6
0.6998	 0.060 	 3.9
0.7038	 0.030 	 3.4
0.7042	 0.039 	 3.5
0.7081	 0.060 	 3.7
0.7082	 0.057 	 3.8
0.7082	 0.055 	 4.3
0.7082	 0.046 	 3.2
0.7086	 0.039 	 4.5
0.7091	 0.055 	 4.3
0.7100	 0.058 	 4.8
0.7102	 0.053 	 3.3
0.7104	 0.055 	 4.4
0.7104	 0.050 	 4.0
0.7108	 0.057 	 5.2
0.7112	 0.051 	 3.5
0.7114	 0.048 	 3.3
0.7114	 0.055 	 4.9
0.7114	 0.057 	 4.1
0.7120	 0.060 	 3.1
0.7121	 0.069 	 3.7
0.7122	 0.060 	 3.2
0.7130	 0.055 	 4.7
0.7132	 0.058 	 4.6
0.7134	 0.048 	 4.1
0.7134	 0.071 	 3.1
0.7135	 0.058 	 7.1
0.7140	 0.055 	 4.4
0.7142	 0.058 	 3.2
0.7147	 0.053 	 5.5
0.7151	 0.028 	 3.6
0.7154	 0.041 	 4.8
0.7154	 0.050 	 4.9
0.7155	 0.041 	 3.2
0.7163	 0.060 	 3.0
0.7163	 0.046 	 3.3
0.7165	 0.066 	 4.0
0.7167	 0.041 	 3.9
0.7179	 0.074 	 3.7
0.7187	 0.051 	 3.5
0.7205	 0.051 	 3.8
0.7207	 0.051 	 3.2
0.7229	 0.073 	 4.3
0.7258	 0.069 	 4.1
0.7283	 0.044 	 3.6
0.7300	 0.048 	 3.8
0.7302	 0.062 	 3.4
0.7579	 0.083 	 4.0
0.7707	 0.046 	 4.2
0.7708	 0.042 	 5.1
0.7793	 0.067 	 3.3
0.7803	 0.055 	 3.5
0.7847	 0.069 	 3.3
0.8490	 0.060 	 4.4
0.8574	 0.044 	 3.1
